name: spa_tool
channels:
  - conda-forge
  - defaults
dependencies:
  - bzip2=1.0.8=h8ffe710_4
  - ca-certificates=2022.9.24=h5b45459_0
  - intel-openmp=2022.2.1=h57928b3_19741
  - libblas=3.9.0=16_win64_mkl
  - libcblas=3.9.0=16_win64_mkl
  - libffi=3.4.2=h8ffe710_5
  - liblapack=3.9.0=16_win64_mkl
  - libsqlite=3.40.0=hcfcfb64_0
  - libzlib=1.2.13=hcfcfb64_4
  - mkl=2022.1.0=h6a75c08_874
  - numpy=1.23.5=py39hbccbffa_0
  - openssl=3.0.7=hcfcfb64_0
  - pandas=1.5.2=py39h2ba5b7c_0
  - pip=22.3.1=pyhd8ed1ab_0
  - pyaml=21.10.1=pyhd8ed1ab_0
  - pyodbc=4.0.35=py39h99910a6_0
  - python=3.9.15=h4de0772_0_cpython
  - python-dateutil=2.8.2=pyhd8ed1ab_0
  - python_abi=3.9=3_cp39
  - pytz=2022.6=pyhd8ed1ab_0
  - pyyaml=6.0=py39ha55989b_5
  - setuptools=65.5.1=pyhd8ed1ab_0
  - six=1.16.0=pyh6c4a22f_0
  - tbb=2021.7.0=h91493d7_0
  - tk=8.6.12=h8ffe710_0
  - tzdata=2022g=h191b570_0
  - ucrt=10.0.22621.0=h57928b3_0
  - vc=14.3=h3d8a991_9
  - vs2015_runtime=14.32.31332=h1d6e394_9
  - wheel=0.38.4=pyhd8ed1ab_0
  - xz=5.2.6=h8d14728_0
  - yaml=0.2.5=h8ffe710_2
  - pip:
    - pandas-weighting==0.0.2
prefix: C:\Users\nick.fournier\Miniconda3\envs\spa_tool
